20.569
20.193
20.236
20.427
20.183
20.371
20.313
97.293
118.745
116.676
117.868
111.455
121.568
89.862
95.161
121.785
96.529
94.637
104.463
119.145
117.871
111.650
104.590
121.821
116.271
100.191
107.456
117.896
114.913
109.808
104.681
111.157
116.944
119.155
120.568
113.396
106.039
113.638
119.100
119.114
120.650
118.093
110.588
115.706
119.237
120.177
115.041
104.899
110.278
116.489
120.380
118.826
115.254
114.613
118.473
119.684
114.937
113.899
119.328
120.006
119.398
116.993
115.542
119.468
119.263
110.803
113.901
117.915
119.451
119.981
119.709
113.738
114.099
119.682
120.571
118.973
116.371
117.129
118.840
120.304
117.023
114.516
111.354
115.692
120.510
120.944
115.627
113.636
118.275
117.689
116.528
118.452
118.433
118.804
114.065
109.962
112.801
116.468
118.667
118.960
119.511
116.781
116.978
119.729
120.665
118.342
113.803
116.971
119.897
119.853
119.977
119.356
114.145
115.896
117.094
119.691
119.632
118.843
116.004
119.589
120.484
120.141
114.644
109.158
114.143
118.283
119.291
119.321
120.892
119.695
120.527
114.560
111.044
117.279
118.543
118.484
119.829
120.824
120.376
118.235
117.442
116.022
118.818
120.534
114.671
114.002
115.925
116.850
117.655
120.045
120.429
118.016
115.619
117.557
118.563
117.990
116.466
111.151
116.239
119.891
119.228
118.380
115.982
110.363
112.902
116.569
120.406
118.956
116.897
116.843
118.555
120.540
120.066
119.856
120.191
114.974
115.766
119.812
119.773
118.015
113.476
111.073
114.541
114.785
119.614
118.023
119.575
119.215
116.294
111.257
113.359
116.015
116.892
118.195
119.708
120.032
119.455
111.589
108.415
115.384
118.302
116.115
118.041
120.091
120.121
113.594
112.759
118.362
117.932
119.544
120.151
119.750
110.713
99.305
105.845
110.390
112.864
112.487
114.405
115.158
118.289
118.288
119.324
119.559
119.644
115.736
109.092
105.753
108.652
113.494
114.750
114.795
117.197
117.413
117.487
117.623
119.868
118.092
119.478
117.365
114.510
114.215
117.193
116.905
119.500
118.932
120.368
118.658
105.213
104.263
111.642
114.416
116.195
115.839
116.099
118.125
119.540
119.381
120.216
116.084
117.231
119.501
117.818
120.373
119.301
113.949
115.261
116.979
118.854
118.724
119.198
119.940
119.838
120.852
114.515
112.574
117.343
119.172
118.711
115.041
109.352
111.752
114.673
116.476
117.124
117.312
119.224
119.940
119.428
118.151
112.053
106.288
111.534
114.873
115.611
115.020
116.316
119.299
119.667
121.160
120.439
113.429
112.014
114.809
117.648
118.765
119.071
120.025
119.066
116.613
112.820
115.348
119.233
117.231
119.737
119.979
119.238
113.765
107.484
108.617
110.927
114.059
114.289
117.179
116.464
117.044
118.015
119.247
119.882
119.426
115.303
116.016
118.813
120.165
119.624
119.559
117.956
114.238
118.472
119.103
120.944
119.667
109.228
105.768
112.582
116.659
116.994
118.282
118.684
120.882
115.935
102.969
102.370
109.236
112.036
113.038
113.120
114.728
115.427
117.319
116.456
119.098
118.533
119.351
120.079
119.805
118.684
109.947
110.417
113.071
115.680
117.202
117.740
119.372
118.517
119.936
120.933
119.931
113.613
101.978
105.415
109.815
111.066
113.178
113.699
115.564
117.150
116.175
118.047
118.961
118.783
119.990
119.627
119.536
113.569
114.362
117.169
117.638
118.785
118.520
119.554
119.547
112.792
107.431
108.933
112.399
113.909
114.513
116.195
116.998
118.614
119.595
118.467
113.521
105.640
107.847
113.747
113.950
114.834
115.016
116.706
118.808
118.870
118.657
119.328
118.952
113.130
115.141
116.833
118.175
120.367
119.587
114.314
106.628
111.030
114.171
115.213
115.464
115.866
116.816
118.215
119.833
120.626
120.660
116.435
111.130
110.867
114.836
117.255
117.477
116.680
118.875
120.122
120.174
117.689
103.614
104.155
108.707
110.496
113.019
114.872
113.867
116.762
117.317
116.112
120.337
119.136
120.382
118.730
110.311
104.335
108.058
110.248
110.728
112.701
113.897
115.524
116.315
115.546
116.470
118.191
117.988
119.528
120.523
120.454
118.868
109.087
104.837
111.475
114.052
114.542
115.522
116.533
117.530
118.395
119.857
120.290
119.398
111.868
106.971
111.795
113.995
114.854
116.119
118.002
119.702
118.925
118.985
120.100
119.707
113.560
113.301
117.289
118.679
118.381
120.007
120.070
120.579
112.160
107.653
109.153
111.660
115.865
115.130
115.006
116.212
118.419
118.211
120.317
116.874
117.718
119.246
119.622
120.102
110.693
107.488
113.144
114.920
115.267
117.425
119.352
119.439
120.616
119.566
116.085
111.109
114.341
115.335
116.947
118.159
119.526
121.072
120.339
113.616
109.955
114.075
116.315
117.214
118.115
119.368
119.803
120.455
116.440
114.604
117.301
118.816
119.543
119.964
116.011
102.653
105.522
110.269
110.033
112.411
113.888
115.120
116.428
118.041
118.374
120.039
119.196
115.833
106.145
109.331
110.545
113.953
113.553
114.506
117.126
118.291
119.201
118.896
110.969
98.784
103.946
108.743
110.526
111.114
112.666
113.909
114.507
115.123
115.042
117.150
119.649
118.860
119.027
119.497
118.402
113.554
102.535
106.578
109.564
110.943
111.781
112.794
114.683
116.534
115.162
117.605
119.638
120.258
120.216
119.568
112.797
112.451
113.713
115.594
116.815
119.098
120.303
119.499
120.481
119.240
112.507
104.449
109.531
112.835
114.657
117.195
116.240
118.093
119.544
120.128
118.257
114.161
110.393
113.941
116.308
117.400
118.495
118.545
119.505
119.929
111.860
112.862
115.051
115.982
117.814
119.132
121.125
120.187
114.450
112.233
117.634
117.741
119.318
120.686
120.169
114.948
109.692
108.415
110.222
114.204
115.110
115.384
116.266
117.748
119.622
120.150
119.649
117.049
107.596
103.452
106.018
108.541
111.835
110.854
112.886
114.999
116.258
115.846
116.848
118.780
119.111
119.869
119.061
113.917
115.101
117.526
118.184
118.932
120.295
119.548
109.122
99.761
104.446
108.539
109.690
111.529
112.974
113.862
114.166
116.910
118.192
118.438
118.819
120.586
119.510
117.734
103.551
105.795
110.223
110.547
110.889
113.667
115.051
115.956
116.115
117.927
119.045
120.437
120.259
118.737
109.040
104.913
109.276
111.857
113.359
113.019
115.850
116.633
118.138
118.996
120.213
118.775
118.296
110.265
110.612
115.522
116.577
116.349
118.131
118.870
120.329
119.656
118.402
106.199
100.931
104.815
109.948
110.688
113.235
114.572
115.062
115.786
116.436
117.385
118.245
119.377
120.961
119.282
111.684
104.958
109.529
113.191
113.493
115.046
115.616
117.561
117.434
119.336
119.921
119.333
115.068
108.119
113.005
113.701
116.541
117.048
117.753
118.786
120.178
120.089
117.452
102.653
101.532
107.170
109.288
109.225
111.374
111.873
112.928
115.076
116.023
117.058
117.524
120.227
119.456
120.539
116.331
109.534
112.881
115.555
117.760
118.034
119.108
120.896
120.543
118.041
100.773
97.835
105.659
106.767
109.210
110.437
111.702
112.611
114.091
115.157
116.929
117.761
119.019
118.592
120.138
120.855
117.539
105.368
102.987
106.447
111.551
111.371
111.650
113.638
116.481
115.834
117.050
118.436
119.353
120.286
120.588
120.268
115.885
102.799
106.059
109.861
110.546
111.998
113.139
114.417
114.990
116.759
118.248
118.786
119.736
119.611
118.867
107.938
99.401
108.905
109.332
111.381
111.717
113.577
114.280
116.292
116.512
116.831
117.979
118.662
120.117
118.250
111.072
111.910
115.093
115.983
116.989
118.969
119.264
120.129
120.529
119.836
106.880
99.684
107.677
109.613
110.338
110.762
114.363
113.934
116.769
117.674
119.375
120.084
120.092
113.812
101.828
100.413
106.069
108.773
109.745
109.279
111.157
114.269
114.732
114.438
115.717
117.527
118.771
119.824
119.146
119.919
120.592
117.466
109.319
112.428
113.602
115.692
116.998
117.796
118.565
119.414
121.003
121.138
113.417
91.345
90.776
98.740
102.144
104.770
105.121
106.340
108.487
109.818
110.822
112.847
113.899
114.207
116.237
116.812
116.952
118.449
120.234
120.702
119.492
112.842
103.305
107.032
109.780
110.676
112.258
113.404
113.720
115.124
115.796
117.758
118.028
118.162
119.372
120.821
119.681
108.716
107.331
110.724
111.641
113.514
113.893
114.685
116.303
116.458
117.837
119.334
120.082
120.338
120.168
116.422
108.283
110.360
114.956
117.969
117.374
118.299
120.355
120.283
119.226
104.865
102.243
110.827
112.203
114.416
115.143
116.568
116.899
118.527
120.166
119.742
114.336
101.825
104.068
107.368
108.970
110.408
112.317
113.867
115.708
118.087
119.325
119.256
119.503
114.160
109.020
112.341
116.059
116.410
117.390
118.999
120.651
120.456
120.160
117.441
104.097
100.266
106.018
108.375
110.892
111.024
112.277
113.916
115.161
115.495
116.651
118.215
119.768
120.512
119.347
114.041
99.602
99.457
104.964
106.209
107.475
110.347
110.641
112.776
114.196
115.231
116.142
117.140
118.278
119.693
120.521
120.202
120.503
114.197
102.876
106.249
110.925
111.372
112.620
113.389
113.706
116.211
116.711
118.079
118.638
120.164
119.895
117.723
109.022
110.962
115.201
115.097
116.662
118.012
118.542
120.256
119.904
112.756
105.060
109.888
112.827
116.059
115.590
115.950
118.854
120.016
120.936
119.875
108.169
97.916
105.304
107.724
108.714
111.266
111.955
113.274
114.467
116.026
117.089
118.963
119.904
120.323
119.956
111.629
99.197
100.880
108.785
110.817
110.217
113.023
113.325
114.989
115.535
116.212
119.316
119.211
119.845
120.144
117.919
109.788
111.203
115.766
115.813
116.853
117.812
119.708
120.068
120.434
119.862
107.160
96.609
99.595
105.384
107.678
109.476
109.105
111.410
113.316
113.586
114.444
116.381
118.332
117.646
119.790
120.297
118.966
116.781
101.652
96.768
99.079
104.067
104.816
106.294
107.966
108.070
109.851
111.766
111.804
113.504
114.493
115.932
116.715
116.260
118.044
118.395
119.686
120.319
119.984
117.831
108.110
107.879
112.527
114.442
115.664
117.494
118.824
119.252
120.041
120.283
115.308
105.652
111.067
114.122
115.954
116.842
117.804
120.113
119.571
118.105
106.708
107.310
112.262
113.545
114.965
115.796
117.421
118.517
119.478
120.650
120.441
110.128
103.913
110.275
111.326
113.622
114.082
115.372
115.990
118.857
118.771
120.255
120.795
112.746
92.437
95.216
102.807
103.876
105.815
107.566
109.469
109.808
112.894
113.117
114.690
116.492
117.600
117.820
119.161
120.331
119.661
120.147
108.604
107.762
113.477
114.610
115.162
116.401
118.262
119.417
120.058
120.005
120.926
118.038
108.603
110.738
113.706
115.737
115.333
117.022
119.185
119.097
120.600
120.597
115.405
109.696
113.278
115.637
117.562
119.589
120.028
120.586
110.307
99.281
102.711
108.065
109.691
111.100
112.762
114.378
115.401
116.746
118.319
120.221
120.453
117.913
101.437
91.322
96.834
100.902
103.887
104.884
106.182
107.365
109.414
109.627
111.021
112.252
114.529
113.935
114.788
116.432
115.126
117.661
117.683
118.565
119.467
118.826
120.796
119.852
109.682
97.404
98.209
103.593
105.763
107.185
107.609
109.059
111.436
111.985
113.158
114.805
115.144
116.218
117.398
119.003
119.581
120.004
120.547
114.936
101.768
103.302
106.861
108.534
108.660
111.260
112.788
113.075
115.244
116.542
117.193
118.326
119.516
120.225
120.368
108.337
104.337
109.003
110.246
112.025
113.258
114.537
116.119
117.802
118.433
119.494
120.693
120.450
111.479
105.584
109.479
111.706
113.498
114.393
116.165
117.758
118.240
120.401
120.420
120.009
108.375
95.643
99.485
103.393
106.040
107.468
107.615
109.552
111.835
112.687
112.944
115.306
115.853
117.451
118.078
119.863
119.839
119.353
116.034
103.755
106.535
111.385
110.736
113.028
113.840
114.371
116.409
117.483
117.110
118.599
119.689
120.560
118.596
106.704
107.373
113.138
113.963
114.249
116.198
118.507
119.811
119.310
120.134
113.289
103.215
106.100
110.191
112.702
113.239
114.594
115.707
117.804
118.784
119.478
119.658
119.202
107.054
108.555
113.724
114.026
115.585
117.818
118.191
120.234
119.720
120.113
117.631
100.963
96.952
103.878
107.680
109.446
111.200
110.978
113.628
114.412
115.646
116.893
118.927
119.652
120.499
120.492
109.456
94.646
100.186
106.466
106.910
107.685
109.262
111.628
112.182
111.753
113.923
115.664
116.492
117.405
118.627
118.140
119.553
120.524
117.113
101.124
93.649
103.096
105.158
106.392
108.335
109.380
110.300
111.678
113.091
114.071
115.304
115.782
117.744
117.653
119.323
119.546
120.766
120.179
114.814
99.684
99.206
104.177
107.508
108.125
110.588
110.679
111.429
113.336
114.523
116.044
116.884
118.241
118.881
119.837
119.931
105.440
104.875
110.815
111.343
113.008
115.130
115.549
116.600
119.419
119.026
119.439
119.470
108.885
107.031
112.596
114.450
115.341
117.048
117.706
118.349
120.526
120.210
119.921
108.303
98.897
104.064
109.261
108.834
111.515
112.978
114.083
114.871
116.504
118.079
119.612
120.287
120.106
107.834
96.569
100.663
105.490
106.326
108.043
109.603
110.343
111.808
113.324
113.793
115.129
116.497
117.220
118.700
118.782
120.826
120.749
120.066
112.329
105.931
110.022
112.683
113.772
114.803
116.283
117.160
117.097
118.633
120.435
120.658
119.457
102.464
96.027
104.119
105.558
107.626
109.044
109.816
112.209
113.723
114.292
116.610
117.286
118.389
119.231
119.689
119.521
106.945
103.574
110.128
111.592
112.528
114.506
115.312
115.959
118.076
120.088
119.853
118.458
101.690
95.882
102.436
106.524
106.852
108.705
110.362
111.739
113.707
114.852
117.002
118.074
119.055
121.005
120.304
109.202
104.693
108.928
110.556
113.079
114.130
114.622
116.213
117.256
118.805
119.209
120.193
119.832
115.788
97.836
94.051
102.204
106.014
106.033
107.232
109.823
110.733
111.162
112.438
114.484
115.024
116.743
118.387
118.164
119.873
120.629
119.591
107.786
104.481
110.113
110.863
111.599
113.851
114.228
115.056
117.476
117.901
118.804
120.019
119.955
119.287
101.586
91.405
98.530
103.336
104.727
106.650
106.789
109.769
111.778
111.580
113.789
114.856
116.514
117.059
118.922
119.949
119.990
120.527
110.348
104.362
109.541
112.436
112.922
114.651
115.458
116.501
117.649
118.743
120.155
120.459
121.135
106.454
82.144
77.410
79.037
82.475
82.505
80.222
