20.508
20.241
20.241
20.200
20.356
20.222
20.198
20.154
20.190
20.205
20.179
20.272
20.187
20.208
20.260
20.182
20.200
20.344
20.313
20.198
20.170
20.225
20.182
20.249
20.160
20.190
20.167
20.182
20.188
20.179
20.186
20.138
20.135
20.199
20.205
20.202
20.195
20.243
20.189
20.189
20.157
20.197
20.212
20.218
20.197
20.199
20.186
20.202
20.220
20.161
20.130
20.207
20.691
22.694
24.754
24.646
20.330
30.203
28.603
29.871
30.454
28.205
29.944
30.273
28.644
29.903
21.727
29.422
29.885
28.904
30.226
28.022
24.711
20.192
30.174
30.318
25.801
25.597
25.789
28.796
26.163
26.789
27.861
26.867
28.694
27.914
28.464
29.775
28.064
28.942
28.872
28.394
28.973
29.527
29.202
29.710
29.436
28.275
24.933
20.768
20.508
22.093
28.718
29.288
28.809
28.362
20.498
20.158
20.142
20.183
23.423
20.447
24.382
26.712
26.986
27.077
27.711
26.890
28.184
29.891
29.321
30.030
29.083
29.597
27.727
23.574
20.233
20.249
20.292
20.306
20.197
20.391
20.292
20.915
25.083
24.868
27.191
27.376
29.153
30.001
29.578
29.860
29.087
30.459
25.193
20.464
20.214
20.211
20.323
20.294
20.160
20.289
20.355
25.756
26.308
27.570
29.493
29.547
29.461
29.030
30.021
28.367
20.290
20.254
20.162
20.286
20.190
20.169
21.140
22.477
23.188
27.957
26.754
28.904
28.904
28.920
29.806
30.304
30.231
28.485
21.977
20.243
20.173
20.634
20.334
20.255
20.180
20.268
23.343
24.263
25.751
26.703
26.196
27.658
28.068
27.315
30.114
28.861
30.007
30.191
27.721
28.655
20.428
20.247
20.201
20.292
20.266
20.336
20.145
20.189
20.325
20.328
20.252
20.293
20.258
20.247
20.257
20.201
20.206
20.264
20.179
20.111
20.160
20.711
21.986
27.109
25.570
28.155
27.414
27.418
29.742
28.106
28.693
29.642
28.852
30.332
30.214
30.383
28.710
26.720
23.558
20.134
20.207
20.266
22.717
23.086
25.120
25.633
26.644
26.108
26.865
27.202
26.961
27.348
28.344
28.659
27.826
29.065
29.472
28.411
30.297
29.577
28.844
25.604
20.161
20.181
20.189
20.325
20.182
20.174
20.156
20.232
20.281
20.250
20.315
21.951
22.829
24.462
24.591
25.062
25.699
25.786
26.366
26.830
26.580
27.500
28.414
28.424
28.917
29.374
28.591
30.151
30.113
29.264
30.294
27.814
24.579
20.225
20.138
20.335
20.290
20.213
20.858
23.062
23.040
23.947
24.589
25.882
25.397
26.135
25.799
27.438
27.446
26.794
29.411
28.309
28.422
30.348
28.690
29.824
29.031
26.059
23.192
21.456
22.927
24.631
25.587
25.656
26.279
26.301
27.704
27.248
27.728
28.781
28.643
29.327
29.985
28.800
30.312
29.754
29.049
26.402
22.292
20.205
20.149
20.248
20.203
20.244
20.176
20.166
20.137
20.194
20.260
20.211
20.533
23.433
23.624
25.001
25.233
26.197
25.491
26.140
27.390
27.068
27.338
28.437
28.534
28.244
29.502
29.327
29.888
30.355
30.257
29.702
27.362
22.422
20.155
20.308
20.307
20.230
20.341
20.255
20.170
20.269
20.183
20.209
20.160
23.513
24.161
25.480
26.694
26.196
27.184
27.523
27.797
29.024
29.760
29.884
30.332
30.078
30.243
29.334
25.847
20.581
20.150
20.277
20.187
20.242
20.288
20.144
20.264
20.260
20.288
20.275
20.273
20.321
21.432
23.488
24.355
24.065
25.247
25.898
27.347
27.413
27.872
28.748
28.916
29.090
30.325
29.709
30.339
30.107
28.562
24.421
20.709
20.267
20.201
21.516
22.361
24.347
24.494
25.167
26.068
25.962
26.355
27.206
27.218
28.011
28.943
28.309
29.701
30.133
28.322
30.121
30.212
30.277
29.702
27.285
21.736
20.261
20.162
20.277
20.225
20.142
20.303
20.314
20.292
20.264
20.239
20.189
20.281
20.216
20.201
20.261
20.238
20.208
20.295
20.262
20.171
20.239
20.210
20.251
20.154
20.158
20.205
20.286
20.145
20.222
20.232
20.193
20.371
20.157
20.829
24.276
26.144
27.042
27.474
27.433
27.835
27.868
28.023
28.673
29.011
29.487
29.554
29.955
30.348
29.558
30.081
29.182
25.354
21.892
20.130
20.153
20.319
20.181
20.407
21.178
22.276
22.099
23.660
24.642
24.440
24.850
25.496
24.865
26.226
26.046
26.102
27.566
27.884
27.778
28.271
28.615
28.876
29.590
29.629
29.821
30.357
30.111
29.906
28.792
24.024
20.805
20.323
20.307
20.316
20.306
20.330
22.087
23.991
24.286
24.211
24.364
25.216
25.259
25.726
25.997
26.670
26.947
26.938
28.092
28.130
28.393
29.111
28.911
29.653
30.191
30.062
30.245
30.130
30.308
29.408
25.662
21.673
20.219
20.226
20.256
20.580
21.822
23.503
22.674
24.272
24.752
24.553
25.690
26.293
26.319
26.883
27.222
27.888
28.261
27.916
29.192
29.694
29.634
30.169
30.168
30.306
29.354
26.159
23.214
20.339
20.428
20.227
20.249
20.264
20.303
20.220
20.164
20.197
21.604
22.255
23.491
23.909
24.288
24.897
24.835
26.218
26.496
26.413
26.927
27.565
27.910
28.357
28.931
29.282
29.887
30.025
29.984
30.364
30.221
28.739
25.152
20.440
20.153
20.198
20.286
20.212
20.226
20.195
20.212
20.138
20.130
20.264
20.660
23.155
23.423
24.374
24.306
25.158
25.433
25.082
26.752
26.849
26.922
27.708
28.248
27.939
28.867
29.133
29.998
29.702
30.189
30.263
30.064
30.370
28.622
25.201
20.742
20.252
20.259
20.284
20.215
20.773
23.151
23.348
23.984
24.348
24.542
25.318
25.163
26.076
26.341
26.684
27.494
27.515
28.240
28.958
29.802
29.759
29.689
30.326
29.794
30.295
29.914
26.227
21.238
20.288
20.179
20.207
20.179
20.177
20.148
20.246
20.122
20.199
20.306
20.798
22.024
22.604
24.378
25.217
24.988
25.771
26.450
26.133
27.114
27.595
26.236
28.031
28.829
27.506
28.164
29.408
29.847
30.376
29.914
30.113
29.377
25.501
22.175
20.373
20.151
20.240
20.329
21.068
21.494
23.483
23.995
24.276
25.210
25.293
25.738
25.957
26.780
27.151
27.444
28.137
28.883
28.920
29.368
29.620
29.885
30.186
29.929
30.373
29.371
26.515
22.242
20.181
20.299
20.200
20.194
20.134
20.261
20.217
20.210
20.262
20.229
20.164
20.375
20.612
21.982
23.583
24.842
24.661
25.149
25.830
26.203
26.664
27.078
27.551
27.808
28.411
28.508
28.861
29.853
29.702
29.993
30.221
29.936
29.240
26.144
23.008
20.771
20.668
21.903
23.030
24.212
24.545
24.671
25.555
26.063
25.860
26.736
27.208
27.383
28.043
28.888
28.943
29.629
30.271
30.281
30.235
30.216
30.184
26.636
21.206
20.138
20.254
20.266
20.349
20.355
20.266
20.255
20.191
20.227
20.140
20.252
20.295
20.728
22.875
24.687
24.869
25.440
25.555
25.860
26.857
27.177
27.360
28.230
28.526
28.829
29.221
30.058
30.146
30.063
30.306
29.458
27.617
24.139
20.558
20.135
20.254
20.191
20.332
20.218
20.206
20.198
20.145
20.244
20.315
20.306
21.802
22.303
24.090
24.206
24.925
25.358
25.371
26.174
26.522
27.088
26.995
28.156
28.262
28.948
29.346
29.642
30.341
29.944
30.252
29.741
27.537
23.503
21.227
21.443
22.356
24.044
24.557
25.442
25.339
26.203
26.482
27.132
27.515
27.906
28.524
28.484
29.416
29.470
29.791
30.288
30.228
29.907
28.780
25.360
21.026
20.182
20.307
20.337
20.221
20.324
20.302
20.148
20.354
20.293
20.357
20.265
20.456
22.163
22.992
24.425
25.060
25.922
25.874
26.577
26.933
27.523
28.103
28.506
29.266
29.589
30.197
30.081
30.014
30.460
29.339
26.862
22.202
20.213
20.233
20.242
20.145
20.208
20.232
20.213
20.250
20.185
20.197
20.872
23.164
23.314
24.474
25.094
25.376
25.508
26.369
26.712
27.075
27.666
27.975
28.275
28.566
29.563
29.542
29.776
30.336
30.057
30.021
29.124
27.385
24.320
23.497
23.540
24.093
24.763
25.807
26.169
26.676
26.994
27.653
27.792
28.551
28.731
29.390
29.831
30.118
30.271
30.303
30.184
29.443
25.804
20.305
20.298
20.249
20.232
20.201
20.255
20.267
20.243
20.939
23.194
23.688
24.090
24.643
25.356
25.678
26.001
26.488
26.915
26.940
26.983
27.915
27.970
28.501
28.551
29.309
29.034
30.391
30.080
30.376
30.040
28.709
26.008
22.201
20.179
20.275
20.273
20.582
20.689
22.327
23.422
23.719
24.171
22.328
22.770
24.993
25.475
26.781
26.968
27.370
28.105
28.058
28.902
29.436
29.675
30.311
30.154
30.149
30.186
28.222
25.479
21.712
20.200
20.207
20.246
20.189
20.340
20.539
21.114
21.952
23.412
23.736
24.433
24.259
25.287
25.737
25.857
26.706
27.125
27.027
28.038
28.326
28.686
29.164
29.398
29.756
30.179
30.262
29.815
29.894
27.045
21.068
20.212
20.158
20.203
20.289
20.231
20.208
20.324
20.218
20.697
20.741
20.917
24.196
24.431
24.599
25.065
25.559
25.726
26.062
26.705
26.795
27.247
28.124
28.009
28.630
28.889
29.858
29.643
29.972
30.279
30.345
30.155
29.269
25.904
20.790
20.368
20.322
20.320
20.278
20.224
20.180
20.269
20.307
20.178
20.278
20.182
20.253
20.241
20.228
20.327
20.284
20.421
23.084
21.329
24.212
24.384
25.452
26.875
26.103
27.203
27.712
27.419
28.492
28.428
28.725
29.467
29.613
30.227
30.417
29.788
30.252
28.913
26.038
22.216
20.307
20.193
20.220
20.171
20.301
21.184
22.554
23.174
23.722
23.921
24.713
24.530
25.205
26.153
25.604
26.160
27.073
26.758
27.161
28.278
27.859
28.170
29.053
29.283
29.373
29.941
30.412
30.042
30.340
30.082
28.684
25.922
20.828
20.282
20.225
20.321
20.269
20.301
21.585
20.337
22.953
24.181
24.542
24.983
24.827
24.892
26.162
26.094
26.863
27.599
27.909
28.902
28.783
29.250
30.219
30.438
30.273
30.121
30.286
28.157
23.109
20.418
20.173
20.324
20.221
20.238
20.236
20.350
20.265
20.328
20.183
20.759
23.333
24.102
24.928
24.844
25.701
25.588
26.307
26.565
26.664
27.854
28.079
28.393
28.841
29.811
29.274
30.136
30.199
29.949
30.351
29.189
25.361
20.774
20.224
20.141
20.369
20.319
20.248
20.273
20.326
20.253
20.669
21.953
23.135
24.323
24.766
25.148
25.395
25.816
25.774
27.113
26.754
27.247
27.714
28.380
28.742
29.057
29.932
30.180
30.253
30.366
30.108
30.036
25.081
20.267
20.228
20.206
20.239
20.303
20.189
20.205
20.223
20.316
20.176
20.170
20.273
20.299
20.290
21.065
21.003
22.788
24.956
25.053
26.071
25.871
26.070
26.798
27.034
27.373
28.411
28.388
28.488
29.494
29.697
30.185
30.262
30.045
30.360
28.593
25.211
20.184
20.364
20.280
20.154
20.293
20.162
20.183
20.278
20.262
20.292
20.288
20.283
20.262
20.336
23.021
23.597
25.418
25.218
25.234
25.769
26.385
27.294
27.057
28.016
28.253
28.195
29.465
29.207
29.907
30.354
30.172
29.964
29.603
26.669
24.031
20.834
20.196
20.259
20.706
21.379
22.866
23.125
23.539
24.150
24.040
24.857
25.154
26.088
25.691
26.645
27.471
27.045
27.954
28.216
27.846
29.211
28.990
29.255
30.300
30.055
30.166
30.282
30.079
29.196
26.371
22.129
20.288
20.164
20.303
20.566
20.529
22.041
23.900
24.175
24.906
25.255
25.411
26.513
26.501
26.703
27.894
27.426
28.172
28.743
28.418
29.682
29.552
29.688
30.401
30.142
29.718
28.072
23.454
20.212
20.205
20.276
20.191
20.249
20.209
20.938
21.995
23.192
24.509
25.241
25.169
25.673
26.328
26.502
27.012
27.636
27.950
28.831
29.037
29.184
30.138
30.243
29.835
30.422
29.846
27.222
22.202
20.207
20.302
20.264
20.147
20.227
20.171
20.199
20.317
21.624
22.515
23.390
24.158
24.168
24.551
25.703
25.522
26.618
26.833
26.951
28.015
28.057
28.633
28.986
29.899
30.018
30.361
30.252
30.113
30.363
28.086
22.990
20.124
20.181
20.294
20.285
20.217
20.349
20.260
20.246
20.201
20.255
21.693
24.092
24.683
24.978
25.363
26.128
26.044
27.073
27.621
27.642
28.279
28.597
29.162
29.721
30.147
30.392
30.246
30.165
29.202
26.005
20.396
20.187
20.263
20.249
20.277
20.211
20.245
20.160
20.238
20.315
20.223
20.320
20.259
20.327
20.230
20.222
20.116
20.213
20.233
20.220
20.142
21.170
22.938
25.405
26.311
26.637
26.432
27.409
27.482
28.160
28.583
28.942
29.751
29.605
29.846
30.236
30.094
29.623
28.878
25.336
23.293
21.344
23.017
24.562
25.366
26.275
26.455
26.876
27.198
27.408
28.189
28.509
28.658
29.601
29.521
30.472
30.354
29.927
30.066
28.762
25.783
21.581
20.243
20.164
20.216
20.164
20.270
20.438
20.284
20.270
20.323
20.930
22.409
23.775
24.176
25.247
24.899
25.580
25.989
26.186
26.763
26.908
27.621
27.496
28.324
28.372
28.648
29.513
29.726
29.641
30.409
30.297
29.710
30.084
27.267
23.115
20.954
20.192
20.678
21.543
22.816
23.539
24.215
24.490
24.956
25.140
25.686
26.476
27.046
26.964
28.394
28.079
28.323
29.591
29.083
30.008
30.280
29.538
30.549
30.002
25.963
22.197
20.262
20.268
20.200
20.218
20.223
20.153
20.159
20.277
20.172
20.256
20.281
20.215
20.255
20.186
20.225
20.161
20.322
20.148
20.237
20.184
20.239
20.277
21.546
24.377
25.770
26.264
26.708
26.908
27.471
27.632
27.688
28.201
28.763
29.137
29.231
29.879
30.213
30.365
30.367
30.327
30.220
27.196
22.181
20.199
20.376
20.280
20.298
20.210
20.169
20.302
20.231
20.189
20.207
20.210
20.892
21.327
22.774
24.443
25.057
25.513
26.108
26.350
26.619
26.999
27.269
27.876
28.359
28.685
29.062
29.387
29.781
30.313
29.866
30.437
30.249
29.535
26.767
22.014
20.176
20.336
20.281
20.254
20.209
20.215
20.301
20.201
20.236
20.140
20.242
20.165
20.293
20.296
20.244
20.214
22.106
24.444
25.420
26.156
26.138
26.785
27.013
27.464
28.154
28.515
28.942
28.385
28.085
29.750
29.912
30.264
30.242
30.167
28.294
23.770
20.263
20.266
20.207
20.298
20.153
20.298
20.245
20.222
20.235
20.190
20.160
20.238
20.317
20.606
22.944
24.305
25.251
25.844
26.075
26.922
26.927
27.095
27.998
28.270
28.885
29.456
29.889
30.059
30.374
30.176
30.377
28.395
23.796
20.201
20.227
20.289
20.163
20.317
20.250
20.237
20.189
20.286
20.161
20.250
20.203
20.186
20.131
20.186
20.203
20.297
20.378
20.164
22.020
23.927
25.814
26.450
26.424
27.020
27.345
27.746
28.057
28.449
29.008
28.952
29.591
29.909
30.007
30.474
30.127
29.687
26.421
21.712
20.221
20.189
20.173
20.259
20.218
20.262
20.190
20.202
20.938
22.255
23.421
23.933
24.223
24.941
25.320
25.743
25.856
26.995
26.590
27.174
27.792
27.294
28.385
28.991
29.163
29.737
29.904
29.587
30.295
30.214
28.860
26.262
22.778
20.245
20.190
20.459
22.063
22.614
23.562
24.120
24.548
25.254
25.249
25.958
26.320
26.745
27.309
27.342
27.795
28.432
28.894
28.792
29.305
30.002
29.908
30.354
30.187
29.928
29.372
27.064
22.684
20.256
20.341
20.242
20.482
20.816
22.066
21.551
23.542
24.508
24.746
25.385
25.861
26.820
27.190
27.670
28.175
28.503
28.532
29.540
30.129
30.330
30.142
30.350
28.847
25.307
20.241
20.359
20.358
20.237
20.317
20.330
20.243
20.310
20.259
20.256
20.177
20.275
20.194
20.397
20.195
20.213
20.278
20.250
20.221
20.161
20.193
20.121
20.345
20.197
20.223
20.176
20.210
20.279
20.314
20.227
20.419
21.993
23.986
25.630
26.573
27.218
29.233
29.671
29.810
30.300
30.455
30.111
29.735
29.343
24.476
20.284
20.291
20.341
20.154
20.353
20.230
20.147
20.265
20.281
20.233
20.386
22.997
24.201
24.464
25.311
25.532
26.183
26.151
27.080
27.968
28.002
28.524
29.128
29.384
29.790
30.369
30.266
30.314
29.539
27.168
23.442
20.312
20.332
20.292
20.212
20.323
20.325
20.176
20.294
20.178
20.561
20.155
22.076
23.406
24.332
24.636
24.905
25.463
25.794
26.310
26.226
27.168
27.034
27.484
28.171
28.379
28.961
29.387
30.021
30.125
30.324
30.111
29.917
27.961
24.957
23.153
20.417
20.537
20.287
21.979
23.269
23.775
24.859
24.581
25.656
25.794
26.359
26.788
27.434
28.091
28.365
29.016
29.007
29.969
30.393
30.008
30.058
29.579
26.381
21.613
20.201
20.311
20.292
20.296
20.335
20.356
20.139
20.233
20.127
20.260
20.223
20.110
20.211
20.191
20.134
20.178
20.339
21.915
23.158
24.647
25.227
25.618
25.847
26.309
26.507
26.776
27.110
27.664
27.731
28.562
28.908
28.956
29.838
29.903
30.368
30.181
30.218
29.983
26.666
22.614
20.327
20.138
20.373
20.246
20.291
20.298
21.242
21.662
23.908
23.524
24.803
24.620
25.020
25.527
25.871
26.509
26.499
27.260
27.568
27.985
28.537
28.856
29.153
29.580
29.992
30.246
30.034
30.086
30.018
27.188
24.060
21.143
20.225
20.169
21.331
21.996
23.109
23.554
23.853
23.458
24.117
25.139
25.721
26.190
27.189
26.806
28.319
28.013
28.778
29.680
29.634
30.291
30.341
29.987
28.254
23.446
20.236
20.231
20.235
20.189
20.241
20.328
20.174
20.222
20.418
20.221
20.280
20.241
20.200
20.220
20.261
20.161
21.121
23.411
24.816
26.259
26.554
26.853
27.095
28.045
28.102
28.996
29.382
29.984
29.892
30.402
30.282
30.161
28.760
24.473
20.214
20.281
20.264
20.202
20.212
20.216
20.200
20.249
20.171
20.200
20.342
20.330
20.161
20.288
20.176
20.338
20.178
20.210
20.199
20.203
20.225
21.303
23.001
25.438
25.857
26.784
26.688
27.054
27.731
27.923
28.333
28.693
29.114
29.333
29.855
30.209
30.303
30.298
30.113
28.315
25.363
22.859
22.454
23.205
22.983
24.433
25.348
26.173
26.484
27.024
27.094
27.184
28.224
28.345
29.091
29.142
29.195
27.935
29.916
28.916
30.157
30.357
29.417
27.578
25.131
23.196
21.013
20.719
22.537
24.161
24.911
25.517
25.990
26.161
26.435
27.174
27.445
27.746
28.230
28.700
28.857
29.252
29.765
29.805
30.052
30.281
30.143
29.895
27.066
21.653
20.164
20.269
20.138
20.192
20.215
21.671
22.832
23.851
24.442
24.300
25.185
25.585
25.678
26.550
26.785
27.242
27.747
28.152
28.767
28.583
29.841
30.004
30.391
30.318
29.635
30.209
27.537
21.916
20.380
20.180
20.316
20.141
20.228
20.187
20.203
20.363
20.322
20.428
20.220
20.172
20.269
20.112
21.390
21.770
23.939
25.426
22.887
22.910
23.675
25.726
26.296
27.048
27.132
27.723
28.434
28.324
28.599
29.577
28.937
29.406
30.364
30.238
30.355
30.082
28.159
25.652
22.279
20.355
20.390
20.351
20.321
20.212
20.670
21.651
22.414
23.253
24.133
24.243
24.708
25.003
25.537
25.778
26.199
26.873
27.082
27.604
27.882
28.296
28.921
29.063
29.818
30.349
30.102
30.294
30.279
29.189
25.059
21.398
20.192
20.197
20.274
20.265
20.269
21.018
21.791
23.498
24.358
24.683
25.185
25.841
26.152
26.639
26.995
27.510
27.935
28.293
28.566
29.082
29.179
29.936
30.377
29.845
30.280
28.891
25.521
22.147
20.258
20.248
20.203
20.274
20.180
20.338
20.428
20.934
23.559
23.533
24.103
24.445
24.953
25.664
25.633
26.465
26.930
27.190
27.671
28.084
28.602
29.076
29.569
29.892
30.002
30.212
30.283
29.137
25.568
20.766
20.283
20.306
20.332
20.277
20.177
20.326
20.337
20.220
20.323
20.273
20.227
21.330
22.511
24.598
24.771
25.022
25.401
25.365
25.992
26.630
27.002
27.373
27.878
28.186
29.182
29.433
29.570
30.217
29.586
30.389
29.924
27.630
23.208
20.418
20.109
20.318
20.258
20.302
20.220
20.760
22.137
23.858
24.438
24.707
25.669
25.893
26.408
26.986
27.324
27.779
27.330
28.894
29.179
29.434
30.263
30.075
30.169
30.426
29.189
26.396
22.733
20.336
20.165
20.249
20.219
20.250
20.223
20.280
20.124
20.296
21.464
22.492
24.344
23.996
25.075
24.784
25.631
24.605
25.221
26.643
26.411
27.888
27.671
28.317
28.896
27.108
27.419
28.875
30.015
30.317
30.383
26.713
26.219
23.905
20.138
20.223
20.241
20.183
20.185
20.135
20.261
20.280
20.123
20.152
20.223
20.357
20.204
20.157
20.248
20.202
20.235
20.239
20.213
20.161
20.169
20.235
21.279
24.601
26.003
25.983
26.352
27.007
26.848
27.592
27.577
28.004
28.375
28.933
29.138
29.736
29.828
29.774
30.287
30.298
29.416
27.025
23.317
21.518
20.348
20.266
21.060
22.102
22.734
23.811
24.200
24.540
24.972
24.899
26.010
25.961
26.421
26.864
26.949
27.831
28.164
28.294
29.168
29.132
29.658
30.015
30.059
30.333
30.272
29.782
28.050
24.287
20.209
20.243
20.185
20.149
20.295
20.113
20.869
21.217
22.515
23.905
23.599
25.008
24.979
25.453
26.054
26.662
26.686
27.358
28.025
28.132
28.795
29.450
29.467
30.278
30.426
29.923
30.346
29.381
25.443
20.440
20.188
20.298
20.217
20.179
20.207
20.182
20.253
20.180
20.136
20.276
20.284
20.684
21.525
23.154
24.273
25.030
24.901
25.416
25.933
25.979
27.139
27.043
27.371
27.930
28.471
28.569
29.111
29.449
29.828
30.140
30.443
30.282
30.292
28.541
23.136
20.167
20.303
20.153
20.373
20.263
20.231
20.381
20.313
20.169
20.360
21.866
24.912
25.249
25.649
26.496
26.458
27.518
27.313
28.245
28.562
29.152
29.674
29.719
30.315
30.304
30.097
28.950
25.323
20.240
20.244
20.284
20.285
20.188
20.230
20.400
20.282
20.271
20.206
20.305
20.263
20.185
20.198
20.191
20.295
20.258
20.524
22.457
23.612
25.829
26.077
26.548
26.843
27.188
27.809
28.196
28.782
28.538
29.132
28.990
28.778
30.195
30.176
30.093
30.004
25.801
20.531
20.157
20.312
20.348
20.300
20.247
20.265
20.140
20.238
20.256
20.303
20.416
20.317
20.272
20.257
20.216
20.290
20.804
22.694
25.189
25.715
26.118
26.384
27.053
27.036
27.805
28.232
28.230
29.027
29.069
29.897
30.190
30.454
30.264
29.623
27.917
23.132
20.215
20.201
20.207
20.300
20.336
20.242
20.371
20.161
20.233
20.243
20.524
20.178
20.149
20.289
23.044
23.478
24.986
24.919
25.775
26.046
25.961
26.666
27.159
27.190
28.025
28.197
28.737
28.940
29.298
29.940
29.681
30.110
30.239
29.934
29.101
25.775
22.363
20.899
20.163
21.154
22.899
24.074
24.482
24.802
25.756
25.552
26.255
26.878
27.174
27.941
28.359
28.966
28.970
29.450
30.104
30.013
30.357
30.253
29.362
27.056
23.736
20.394
20.208
20.304
20.168
20.225
20.235
20.186
20.194
20.268
21.831
24.141
23.965
24.741
25.422
25.562
26.352
26.363
27.189
27.563
27.814
28.440
28.987
29.454
29.964
30.105
30.271
30.084
29.333
27.313
23.634
20.952
20.118
20.250
20.198
20.338
20.340
20.298
20.761
22.026
23.226
24.287
24.881
25.068
25.914
26.164
26.528
27.342
27.671
27.768
28.821
29.087
29.469
30.191
29.206
29.790
30.413
30.305
30.225
28.750
22.942
20.370
20.251
20.349
20.218
20.164
20.195
20.193
20.198
20.252
20.275
20.167
20.162
20.158
20.202
20.244
20.127
20.162
20.279
20.188
20.117
20.177
20.279
20.322
20.283
20.246
20.275
20.242
20.275
20.269
20.224
20.248
20.267
21.732
24.911
27.469
27.384
28.228
27.836
28.917
29.084
28.816
30.161
29.782
29.778
30.258
29.756
28.789
25.345
21.228
20.211
20.248
20.176
20.337
20.179
20.151
20.194
20.190
21.778
22.288
23.651
24.253
24.549
24.729
25.449
25.585
25.971
26.387
26.945
26.999
27.381
27.938
28.156
28.620
28.852
29.247
29.359
30.163
30.180
30.262
30.263
29.633
28.271
23.522
20.135
20.250
20.226
20.295
20.172
20.183
20.326
20.220
20.185
20.309
20.327
20.133
20.307
20.323
20.178
20.232
20.187
20.248
20.324
20.700
23.111
24.513
25.369
26.047
26.671
26.879
26.998
27.751
27.927
28.250
29.004
29.164
29.480
30.128
30.299
30.218
30.344
29.736
27.282
22.241
20.173
20.310
20.294
20.287
20.314
20.222
20.382
20.247
20.259
20.359
20.942
22.756
23.611
24.191
24.676
24.751
25.356
25.686
26.388
26.396
27.072
27.581
27.911
28.332
29.052
29.286
29.422
30.080
30.137
30.373
30.430
29.694
28.219
24.575
20.431
20.182
20.257
20.256
20.145
20.203
20.321
20.349
20.162
20.339
20.131
20.488
20.257
20.227
20.223
20.253
20.192
20.264
20.276
20.247
21.199
22.546
23.684
25.850
26.348
26.908
27.031
27.746
28.202
28.422
28.992
29.330
29.608
29.981
30.135
30.144
30.459
29.239
26.438
23.218
20.752
20.204
20.291
20.215
20.202
20.289
20.325
20.298
20.184
20.190
20.610
20.851
22.941
23.567
24.108
24.468
24.572
25.392
25.453
25.985
26.812
26.579
27.248
27.526
27.744
28.397
28.658
29.401
29.618
29.890
30.166
30.316
29.014
29.824
27.131
23.438
20.199
20.280
20.279
20.667
20.940
22.090
23.948
23.886
24.419
24.800
24.747
24.852
25.473
26.760
26.875
24.665
25.632
26.775
28.163
29.093
29.431
27.951
29.458
30.045
30.229
29.348
29.540
25.050
20.373
20.305
20.225
20.373
20.135
20.182
20.281
20.257
20.305
20.167
20.178
20.281
20.228
20.349
20.149
20.192
20.185
22.486
23.114
24.752
25.665
25.676
26.678
26.406
27.130
27.367
27.990
28.143
28.817
28.879
29.615
30.245
29.893
30.409
30.381
28.895
26.065
23.072
20.168
20.233
20.259
20.303
20.333
22.015
22.839
23.564
24.038
24.654
24.808
25.281
25.713
25.751
26.496
26.616
27.440
27.452
25.829
27.288
28.677
28.637
29.478
29.659
29.988
30.050
30.426
29.740
29.830
26.060
20.307
20.350
20.209
20.307
20.216
20.269
20.213
20.237
20.339
20.270
20.368
20.225
20.989
21.042
23.948
25.141
25.937
25.880
26.513
27.057
27.069
27.897
28.367
28.832
29.382
29.399
29.500
30.346
28.775
29.768
28.084
23.331
20.589
20.225
20.433
21.347
21.731
23.172
23.961
24.479
24.695
25.175
25.908
26.332
26.636
27.187
27.374
28.143
28.304
28.283
29.229
29.501
29.821
30.139
30.365
30.243
30.256
28.403
24.162
20.930
20.366
20.845
21.924
22.429
23.878
23.997
25.053
24.929
25.198
26.113
26.040
26.749
26.888
27.559
28.084
27.941
28.820
29.143
29.393
29.600
30.027
30.003
29.745
29.384
27.723
25.904
25.776
26.229
26.345
27.707
28.106
28.416
28.871
29.358
29.720
30.149
30.254
30.188
29.903
29.384
25.932
21.665
20.236
20.304
20.233
20.243
20.256
20.219
20.213
20.266
21.972
23.017
24.375
24.115
29.317
25.206
25.465
26.073
26.531
27.473
27.467
28.101
28.699
28.860
29.466
30.146
29.903
30.442
30.153
28.535
24.979
20.390
20.323
20.257
20.208
20.137
20.144
20.243
20.286
20.872
23.082
23.137
24.901
24.871
25.691
26.265
26.423
27.139
27.817
27.632
28.431
28.327
29.511
29.697
30.190
30.367
30.389
29.917
27.924
24.193
20.204
20.306
20.236
20.264
20.195
20.188
20.213
20.240
20.140
20.131
20.191
20.264
20.338
20.189
20.428
21.443
21.986
24.489
25.127
25.238
25.645
25.782
26.762
26.675
26.762
27.971
27.927
28.426
28.934
28.954
29.849
29.833
30.308
30.324
30.135
30.172
28.895
25.386
20.731
20.160
20.293
20.200
20.272
20.290
20.725
20.231
20.326
22.116
21.654
21.805
22.753
24.191
25.377
25.112
25.511
26.074
26.405
26.885
26.618
27.480
27.333
27.545
28.539
28.443
28.870
29.256
29.652
29.651
30.100
30.197
30.296
30.186
29.373
26.328
22.454
21.268
21.478
22.350
23.036
24.323
25.310
26.085
26.557
26.771
27.402
27.696
27.879
28.844
29.431
29.505
30.084
30.132
30.038
30.264
28.139
23.929
20.428
20.275
20.213
20.155
20.399
20.182
20.324
20.302
20.332
20.285
20.192
20.167
20.246
20.223
20.197
20.273
20.273
20.176
20.331
21.823
23.732
25.403
25.779
26.008
26.294
27.077
27.210
27.622
28.456
28.565
29.152
29.525
29.869
30.415
30.225
30.208
30.385
29.180
25.865
21.247
20.147
20.269
20.196
20.369
20.235
20.305
20.130
20.253
20.382
20.145
20.314
20.245
20.344
20.734
22.913
23.777
24.928
25.289
26.202
26.140
26.502
27.044
27.198
28.019
28.217
28.544
29.228
29.590
29.811
30.310
30.124
30.260
30.027
27.390
23.358
20.253
20.325
20.175
20.194
20.259
20.173
20.341
20.305
20.224
20.229
20.976
22.166
23.638
24.088
24.599
24.849
25.358
25.678
26.008
26.733
26.610
27.500
27.732
28.359
28.604
28.787
29.716
29.695
30.164
30.165
30.023
30.342
28.769
25.182
21.504
20.226
20.310
20.289
20.323
20.107
20.236
20.302
20.270
20.358
20.167
20.152
20.183
20.260
20.407
20.201
20.304
20.328
20.162
20.365
20.248
21.850
23.001
24.585
24.965
25.939
25.886
26.152
26.839
27.343
27.123
27.866
28.327
28.325
28.764
29.281
29.074
29.783
30.202
30.194
29.906
29.875
28.543
25.007
22.355
20.238
20.355
20.150
20.161
20.221
21.577
22.419
23.208
24.030
24.388
24.865
24.945
25.773
25.904
26.356
26.590
26.945
28.010
27.775
28.153
28.891
28.701
29.473
29.363
30.104
30.212
30.020
30.217
29.810
28.354
24.042
20.209
20.236
20.265
20.169
20.243
20.262
20.275
20.378
20.125
20.192
20.261
20.225
20.193
20.568
22.686
24.958
26.018
26.669
26.718
27.548
28.258
28.746
28.706
29.493
29.980
29.945
30.368
30.030
29.773
26.272
20.917
20.362
20.291
20.209
20.227
20.127
20.244
20.125
20.276
20.171
20.346
20.212
20.221
20.263
20.225
20.206
20.281
20.284
20.263
20.394
20.253
20.173
20.253
22.837
23.753
22.606
24.413
26.400
26.726
27.161
27.177
28.486
28.346
28.287
29.859
29.184
29.916
30.267
30.120
29.687
27.494
23.788
21.973
22.137
23.026
24.242
24.934
26.169
25.655
26.614
26.806
26.721
27.677
27.760
27.852
28.553
28.826
28.894
29.399
30.233
30.165
30.061
30.064
28.356
25.845
21.733
20.231
20.212
20.182
20.132
20.210
20.370
20.269
20.259
20.214
20.245
20.291
20.202
20.410
20.238
20.177
20.327
21.535
23.164
24.282
25.980
25.496
26.274
26.213
26.920
27.448
27.585
28.166
28.223
29.134
29.563
29.308
30.294
30.192
30.099
30.224
28.448
24.558
21.847
20.185
20.226
20.393
20.148
20.267
20.175
20.361
20.269
20.208
20.200
20.563
22.590
23.493
24.843
24.635
25.503
25.597
25.542
26.282
26.221
27.428
27.536
27.487
28.708
28.384
28.542
29.684
29.347
30.002
30.328
30.435
30.234
29.657
27.774
23.562
20.275
20.270
20.234
20.135
20.293
20.189
20.156
20.227
20.663
21.839
22.492
24.080
24.267
24.702
24.796
25.533
25.420
26.058
26.579
26.747
27.257
26.903
28.352
28.049
28.542
29.364
25.321
27.601
28.396
30.314
30.297
30.175
30.053
27.778
24.016
20.669
20.319
20.217
20.168
20.210
20.205
22.026
22.118
22.844
24.198
24.529
25.476
25.648
26.278
27.388
27.256
27.758
28.841
28.391
29.298
30.011
29.670
30.384
30.371
29.045
26.913
23.045
20.229
20.201
20.253
20.136
20.276
20.377
21.945
22.485
24.031
24.281
25.111
25.301
25.639
26.267
26.515
27.366
27.281
27.968
28.139
28.640
29.540
29.302
30.272
30.424
29.706
30.242
29.537
25.527
21.121
20.350
20.295
20.301
20.212
20.293
20.198
20.175
20.285
20.214
20.227
20.261
20.256
20.194
20.267
20.305
20.357
20.191
20.898
22.324
24.643
25.299
25.804
26.209
26.552
27.083
27.201
27.917
28.051
28.798
28.994
29.590
30.020
29.894
30.418
29.810
28.524
26.232
21.988
20.290
20.211
20.293
20.374
20.321
21.501
22.479
23.451
24.011
24.584
24.834
25.388
25.884
26.223
26.335
26.919
27.576
27.301
28.232
28.781
28.607
29.755
28.873
29.613
30.282
30.379
30.219
29.906
27.664
23.718
20.332
20.194
20.205
20.209
20.147
20.172
20.258
20.159
20.227
20.312
20.174
20.239
20.305
20.247
20.338
21.217
21.992
24.503
25.701
25.949
26.346
26.754
27.280
27.456
27.633
28.442
28.749
29.100
29.730
29.877
30.318
30.174
30.251
29.502
27.057
22.148
20.333
20.288
20.121
20.400
20.327
20.167
20.214
20.165
20.319
20.128
20.286
20.153
20.242
20.267
22.485
23.458
24.814
25.009
25.386
26.025
25.961
26.638
27.114
27.177
27.882
28.130
28.446
27.994
29.385
29.538
30.123
30.221
30.203
30.296
28.518
24.454
21.355
21.443
21.926
23.145
24.177
24.478
24.841
25.806
26.123
26.598
27.060
27.878
28.182
28.667
29.335
29.430
29.934
30.211
29.934
30.229
29.387
25.404
21.465
20.282
20.211
20.278
20.194
20.295
20.311
20.238
20.157
20.178
20.306
21.548
23.222
23.797
24.470
24.829
25.301
25.616
26.536
26.549
26.834
27.743
27.466
28.581
28.848
28.944
29.665
29.775
30.169
30.002
29.919
29.472
26.065
23.149
20.996
20.165
20.286
20.673
21.137
22.110
23.350
23.132
23.563
24.315
24.618
25.354
25.970
26.411
26.011
27.081
27.756
27.360
28.764
28.979
28.826
29.836
30.177
30.158
30.161
29.861
29.032
25.753
21.534
20.178
20.335
20.319
20.306
20.329
20.190
20.171
20.257
20.177
20.284
20.126
21.335
22.258
23.324
24.571
24.446
25.926
25.817
26.129
26.611
27.173
26.857
27.252
27.909
28.647
28.742
29.508
29.814
29.487
30.416
30.059
29.393
29.113
26.390
22.453
20.173
20.190
20.345
20.376
20.218
22.181
22.973
23.582
24.289
24.125
25.310
25.299
25.486
26.396
26.292
26.967
27.407
27.733
27.840
28.720
28.974
29.008
29.910
29.987
29.792
30.215
30.107
28.798
26.069
22.672
20.701
20.366
20.518
21.816
22.418
22.930
23.925
24.160
24.474
25.260
25.506
25.833
26.701
26.866
27.453
27.696
27.820
28.992
28.789
29.306
29.829
30.231
29.914
30.019
30.069
27.286
22.991
20.275
20.194
20.339
21.765
22.478
23.792
23.729
25.508
25.467
25.224
26.484
26.004
27.046
27.220
28.616
28.186
28.878
29.593
29.290
30.263
30.018
29.405
30.145
26.083
22.292
21.020
22.380
23.885
24.373
25.754
26.019
26.659
27.235
27.639
28.410
28.653
29.275
29.669
30.010
30.280
30.195
28.938
28.984
25.181
21.120
20.589
21.190
23.283
24.787
25.434
25.104
24.475
25.735
26.788
26.573
27.763
28.541
28.917
29.648
29.680
30.394
30.531
30.246
30.239
29.495
24.991
21.285
20.192
20.248
20.315
20.241
20.199
20.215
20.146
20.242
20.255
20.238
20.623
22.401
23.582
24.839
24.996
25.991
25.895
26.279
27.098
27.292
27.951
28.496
28.799
27.073
28.808
29.715
30.141
30.249
30.314
28.827
26.115
20.328
20.283
20.257
20.230
20.241
20.307
20.278
20.254
20.238
20.230
20.271
20.183
20.184
20.254
20.228
20.312
20.362
20.349
20.150
20.247
22.121
23.960
25.474
26.299
26.155
27.041
27.277
27.481
28.367
28.597
28.989
29.680
29.446
29.952
30.276
30.234
29.665
27.372
24.980
22.871
20.608
20.944
22.800
24.142
24.536
25.367
25.532
25.860
26.153
26.938
27.548
27.767
28.408
28.029
28.136
29.483
30.150
30.160
30.310
30.089
29.890
27.553
23.201
20.801
20.902
22.137
23.287
24.299
24.645
25.371
25.888
25.964
26.614
26.952
27.577
27.897
28.431
29.104
29.155
29.912
30.286
30.168
30.248
30.307
29.321
26.422
20.898
20.133
20.231
20.184
20.226
20.258
20.166
20.194
20.368
22.974
22.433
24.455
24.767
25.150
25.638
25.639
26.260
26.926
26.991
27.505
28.156
28.345
28.555
29.415
29.291
29.908
30.318
30.300
30.200
30.148
28.645
25.609
21.488
20.327
20.271
20.225
20.283
20.191
20.249
20.214
20.292
21.146
21.657
22.695
23.576
24.159
24.581
24.691
25.123
25.935
25.823
26.365
26.819
27.276
27.511
27.963
28.513
28.525
29.087
29.605
29.773
30.332
30.256
30.095
30.118
28.242
24.256
20.816
20.129
20.266
20.281
20.325
20.353
21.032
21.489
22.111
23.609
24.067
24.574
25.028
25.912
25.923
26.656
27.326
26.791
27.525
28.396
28.956
29.739
29.973
30.445
30.266
30.354
29.863
27.565
21.114
20.142
20.269
20.260
20.213
20.192
20.242
20.161
20.143
20.239
20.270
20.185
20.265
20.248
20.265
20.253
20.283
20.368
20.355
20.321
20.634
23.007
23.598
25.917
26.762
27.105
27.042
27.772
28.073
28.668
29.032
29.255
30.087
30.165
30.193
30.472
29.950
26.510
22.092
20.219
20.249
20.258
20.223
20.234
20.236
20.137
20.167
20.274
20.445
20.232
20.187
20.155
20.244
20.295
20.176
20.218
20.499
21.561
21.215
22.492
24.531
25.147
25.607
26.077
26.386
26.734
26.800
27.451
28.241
27.789
28.589
28.415
28.952
29.811
29.907
30.256
30.369
30.328
30.255
28.938
24.937
21.208
20.162
20.227
20.329
20.312
20.297
20.191
20.266
20.325
21.179
21.383
23.349
23.542
24.419
24.228
24.663
25.232
25.693
26.014
26.332
26.933
26.874
27.209
27.958
28.067
28.435
28.943
28.539
29.517
29.966
30.210
30.277
30.128
30.265
29.086
26.286
22.232
20.207
20.340
20.220
20.317
20.261
20.246
20.319
20.281
20.286
20.195
20.189
20.206
20.191
20.234
21.120
20.231
22.236
25.313
25.220
26.563
26.463
26.901
27.418
27.346
28.482
28.767
29.231
29.779
29.940
30.298
30.298
30.161
30.163
28.170
22.788
20.303
20.116
20.230
20.210
20.305
20.293
20.276
20.276
21.278
21.593
22.090
23.990
24.550
25.039
25.624
26.239
26.479
26.661
27.682
27.544
28.224
28.752
29.093
29.629
29.544
30.089
30.282
30.487
29.912
27.919
24.032
20.227
20.147
20.338
20.231
20.256
20.221
20.278
20.190
20.224
20.229
20.129
20.258
20.187
20.172
20.256
20.265
20.212
20.213
20.363
20.162
20.424
20.198
20.299
20.259
20.240
20.318
20.891
22.529
24.500
27.072
26.363
27.396
27.569
27.514
28.460
28.533
29.275
30.016
29.616
30.353
30.224
30.189
29.790
27.707
23.690
20.126
20.180
20.244
20.260
20.205
21.051
22.307
22.780
23.954
24.351
24.469
25.583
25.029
26.078
26.468
26.624
27.406
27.313
27.972
28.510
28.070
28.672
28.401
29.307
30.397
29.301
30.338
29.243
25.808
22.017
20.239
20.232
20.272
20.248
20.216
21.483
22.530
23.875
24.339
24.703
25.757
26.053
25.943
26.575
26.975
27.407
28.041
28.547
28.642
28.688
29.480
29.844
29.975
30.366
30.259
30.332
30.074
28.225
25.592
22.561
20.173
20.297
20.262
20.230
20.160
20.954
22.129
23.037
23.501
23.570
24.441
24.584
25.014
25.253
25.833
26.187
25.876
27.441
27.326
27.730
28.620
28.506
29.103
29.314
30.090
30.112
30.225
30.071
30.046
28.697
23.708
20.141
20.337
20.312
20.171
20.162
20.248
20.413
20.323
20.749
22.090
22.157
23.823
24.195
24.762
25.077
24.704
25.635
26.286
24.470
26.701
26.590
27.636
28.247
28.159
29.197
29.195
29.744
30.375
29.619
30.292
29.073
26.925
22.602
20.108
20.239
20.339
20.164
20.257
20.300
20.267
20.183
20.155
20.220
20.213
20.359
20.224
20.331
20.242
20.187
20.234
20.168
22.263
24.376
24.925
26.225
26.641
26.844
27.202
27.839
28.042
28.730
29.143
29.193
29.750
30.516
30.052
30.268
30.178
28.020
24.407
20.966
20.300
20.294
20.185
20.200
20.134
20.187
20.414
20.305
20.250
20.276
20.269
20.252
20.198
20.292
20.209
21.524
22.276
25.510
26.244
26.555
26.791
26.786
27.590
28.055
28.554
29.164
29.092
29.525
30.321
30.325
30.419
30.119
28.888
26.204
21.790
20.231
20.267
20.290
20.211
20.294
21.096
21.703
22.616
24.352
24.839
25.342
24.161
24.515
25.126
24.911
27.421
28.173
28.948
28.892
29.810
30.112
30.122
30.309
30.120
29.638
26.214
21.941
20.241
20.242
20.187
20.388
20.313
20.184
20.308
20.361
20.243
20.271
20.211
20.250
20.281
20.848
23.621
24.332
24.654
25.397
25.313
26.241
26.347
26.478
27.469
27.723
27.757
28.503
29.028
28.820
29.537
29.893
29.978
30.236
30.251
29.484
29.051
26.891
22.215
20.293
20.253
20.144
20.241
20.177
20.243
20.262
20.397
20.290
20.219
20.357
20.165
20.209
20.196
21.171
21.116
22.908
24.322
24.794
25.662
25.308
25.656
26.522
26.111
26.711
26.962
28.019
27.820
27.634
28.536
28.596
29.039
29.466
29.497
30.342
29.467
29.970
30.204
26.953
23.747
22.364
22.814
24.231
25.860
26.712
26.601
27.615
27.848
27.828
28.695
29.181
29.240
29.354
29.914
30.303
29.975
30.147
29.351
26.341
22.768
20.779
20.232
20.479
21.745
22.805
23.828
24.367
24.390
25.090
25.930
25.996
26.788
27.235
27.919
27.675
29.077
29.173
29.397
30.359
30.381
30.220
30.361
28.296
23.297
20.348
20.316
20.207
20.313
20.305
20.170
20.325
20.245
20.330
20.262
20.292
20.148
20.142
20.257
20.267
20.268
20.264
20.207
20.334
20.209
20.214
20.242
20.181
21.626
23.232
26.250
26.974
27.790
27.799
28.032
28.679
28.862
29.173
29.905
30.212
30.215
30.300
29.958
28.498
25.013
20.181
20.181
20.169
20.232
20.306
20.164
20.207
20.184
20.163
20.211
20.226
20.200
20.179
20.223
20.268
21.275
20.258
22.382
23.752
24.828
25.344
25.546
26.118
26.263
26.765
25.952
27.057
27.882
28.325
28.819
27.370
28.757
29.576
30.260
30.301
30.359
30.436
29.624
26.789
23.445
21.750
21.305
21.487
22.003
23.340
24.064
24.639
24.837
25.456
25.582
26.051
26.650
27.079
27.125
27.532
27.714
28.780
28.865
29.540
29.895
30.271
30.160
30.007
30.171
28.913
26.539
24.130
21.633
20.255
20.902
21.942
22.600
23.598
24.195
24.685
25.108
25.818
26.357
26.923
27.544
27.783
28.283
28.853
29.179
29.940
30.366
30.118
30.440
30.318
28.320
24.814
20.274
20.163
20.261
20.249
20.211
20.240
20.292
20.367
20.246
20.259
20.265
20.279
20.138
20.188
20.290
20.275
20.260
20.221
20.194
20.295
20.149
20.203
20.193
20.196
21.531
22.850
25.242
25.779
26.544
27.001
26.632
27.605
27.821
27.529
28.516
29.078
28.583
29.460
29.878
30.019
30.163
30.431
29.659
28.302
23.825
20.313
20.325
20.204
20.240
20.383
20.207
20.208
20.183
20.147
20.284
20.205
20.181
20.135
20.239
20.174
20.772
22.451
23.437
22.936
24.013
25.035
25.490
26.891
26.498
26.943
28.278
27.690
28.158
28.979
28.841
29.170
30.129
30.116
29.999
30.259
28.648
27.927
26.387
25.934
25.215
25.620
26.972
27.604
28.437
28.320
28.600
29.171
29.824
29.894
30.298
30.275
29.870
29.915
26.682
20.551
20.205
20.163
20.335
20.294
20.243
20.334
20.133
20.310
20.199
20.276
20.256
20.247
20.302
20.529
22.556
23.691
25.202
25.273
26.112
25.930
26.707
26.902
27.940
27.440
28.597
29.093
28.991
29.645
30.068
30.159
30.381
30.043
28.961
26.168
21.825
20.206
20.326
20.614
21.673
22.383
24.164
24.650
25.044
25.981
26.423
26.506
27.723
27.860
28.225
29.061
28.951
29.894
30.263
30.024
30.229
29.929
27.884
24.734
20.683
20.212
20.210
20.216
20.319
20.324
20.250
20.226
20.353
20.287
20.833
22.073
24.243
24.553
25.507
25.439
25.880
26.785
26.780
27.452
28.108
28.249
28.934
29.643
29.599
30.280
30.221
30.091
29.555
26.597
21.761
20.347
20.271
20.289
20.223
20.319
20.413
20.897
22.207
23.589
23.737
24.657
24.921
25.441
25.856
26.714
26.491
27.368
27.781
28.349
28.350
28.816
29.275
29.741
30.351
30.232
30.239
30.183
28.133
23.258
20.330
20.178
20.180
20.115
20.184
21.126
22.869
23.200
24.063
24.213
24.836
25.050
25.338
25.464
26.179
25.664
25.099
26.107
27.387
27.645
28.169
27.427
28.666
28.814
29.218
30.053
29.943
30.184
30.250
30.159
28.399
25.529
23.408
20.776
20.491
20.311
21.060
22.221
22.839
23.504
23.682
24.410
24.511
25.095
25.360
25.876
26.136
26.530
27.538
27.022
27.800
28.318
28.394
29.133
29.207
29.600
29.684
30.166
30.318
30.232
29.773
27.512
22.942
20.228
20.325
20.180
20.262
20.254
20.205
20.104
20.195
20.132
20.286
20.187
20.140
20.211
20.239
20.254
20.258
20.209
20.175
20.373
23.209
24.845
25.912
26.389
26.336
27.529
27.345
28.000
28.355
28.899
29.145
29.779
30.183
30.236
30.386
30.203
27.994
23.867
20.289
20.276
20.315
20.157
20.196
20.167
20.194
20.214
20.350
20.379
20.241
20.125
20.418
20.907
23.422
24.893
25.260
26.057
26.001
26.928
27.175
27.648
28.021
28.708
29.489
30.055
30.167
30.321
30.312
29.948
27.262
22.981
20.256
20.257
20.313
20.360
20.144
20.304
20.253
20.193
20.285
20.297
20.257
20.345
20.279
20.268
21.940
22.832
24.128
24.814
25.461
25.609
25.852
26.397
26.652
27.008
27.615
27.556
26.908
28.204
29.198
29.216
29.690
29.882
30.252
30.326
30.222
30.143
27.912
23.719
20.325
20.271
21.398
22.368
23.593
24.641
24.965
25.255
25.823
26.295
27.053
26.938
27.749
28.015
28.586
28.852
29.170
29.867
30.076
30.298
30.308
30.225
29.140
24.706
20.215
20.398
20.206
20.231
20.172
20.214
20.173
20.212
20.150
20.216
20.394
20.300
20.168
20.312
20.171
20.125
20.254
20.140
20.180
20.190
20.192
20.208
20.892
23.571
25.371
26.196
26.961
27.151
27.537
27.757
28.014
28.697
29.176
29.337
30.101
30.546
30.399
30.471
29.666
28.275
25.223
20.890
20.167
20.245
20.300
20.235
20.173
20.229
20.167
20.351
20.221
20.280
20.326
20.317
20.160
20.275
20.216
20.241
20.412
21.995
22.815
25.175
24.986
26.154
26.130
26.167
26.754
26.887
27.263
27.891
28.179
27.940
29.036
29.004
29.194
30.198
29.772
30.154
30.293
29.455
28.761
25.700
20.266
20.202
20.292
20.197
20.252
20.386
20.278
20.235
20.152
20.264
20.246
20.229
20.229
20.256
20.170
20.294
20.829
22.778
25.077
25.470
26.117
26.164
26.339
27.764
27.421
27.806
28.544
28.581
29.331
29.793
29.989
29.974
30.385
30.302
28.058
25.671
20.868
20.258
20.206
20.119
20.372
20.242
20.516
20.808
21.626
23.430
24.017
24.695
24.512
25.820
25.700
26.230
26.816
27.436
27.546
27.867
28.807
28.891
29.664
29.857
28.562
30.223
29.911
29.167
26.942
22.783
21.067
21.268
22.693
23.784
24.173
25.601
25.377
26.136
26.305
27.261
27.561
27.638
28.511
28.821
29.021
29.460
30.303
30.040
30.159
30.039
28.738
25.324
23.083
21.010
21.137
22.032
23.429
24.699
24.634
24.864
25.650
26.062
26.706
26.629
27.505
27.805
28.094
28.613
29.066
29.236
29.882
30.206
30.383
30.187
30.456
28.562
24.793
21.286
20.178
20.252
20.149
20.266
21.002
22.429
23.224
23.406
23.252
24.232
24.995
25.742
26.092
26.522
26.868
26.938
28.004
28.115
28.802
29.089
29.208
30.039
30.445
29.748
30.389
29.490
26.398
22.035
20.131
20.334
20.315
20.144
20.168
20.251
20.288
20.193
20.299
20.357
20.268
20.188
20.201
20.284
20.185
20.866
22.707
24.221
25.205
25.312
26.020
26.057
26.898
27.218
27.574
28.101
28.220
29.054
29.276
30.067
29.801
30.199
30.352
29.977
30.258
27.627
21.853
20.312
20.298
20.144
20.270
20.326
20.166
20.248
20.337
20.187
20.286
20.314
20.338
20.315
20.136
20.200
20.328
20.141
20.310
20.173
20.309
20.263
20.228
20.235
20.347
20.244
20.251
20.160
20.168
20.325
20.274
21.767
24.832
26.272
27.042
27.285
27.386
27.587
27.880
28.273
28.273
29.176
28.900
29.587
29.861
29.889
30.354
29.757
29.918
28.079
24.371
21.686
20.217
20.841
22.526
23.695
24.297
25.104
24.897
25.676
25.683
26.071
26.766
26.517
27.308
27.343
28.092
28.178
28.323
29.000
29.053
29.799
29.794
30.193
30.306
30.109
30.016
28.999
26.619
23.490
20.535
20.182
20.239
20.245
20.270
20.244
22.192
22.472
23.624
24.517
24.362
25.208
25.633
26.127
26.682
27.255
27.851
28.107
28.740
29.383
29.277
30.328
30.393
30.045
30.445
28.857
24.680
20.229
20.160
20.145
20.314
20.217
20.207
20.234
20.274
20.242
20.351
20.290
20.182
20.367
20.162
20.223
20.213
20.227
20.221
20.167
20.312
20.228
20.423
20.199
20.285
22.376
25.114
26.726
27.547
27.687
28.120
28.485
29.674
29.284
29.649
30.313
29.798
30.305
29.810
25.995
22.866
21.808
21.090
21.624
22.637
20.592
22.604
24.145
25.138
25.892
24.847
26.302
27.161
27.995
28.473
28.798
29.425
30.102
30.155
